919073508087
919163495380
918617542874
919903642312
917550061570
919330601239
919433573851
918017015152
918910692748
919051552442
917980864168
919433578043
919433421012
919123248937
919123059465
917003105391
919903911857
919831012333
919836465275
919836058533
919007473033
919830148412
917550051694
918617085737
918420038470
919831222095
917980394830
917980762691
917890780196
919433137980
919051031831
917003186230
918910864971
917003604258
919062796965
919748827660
917980082944
919836148666
919123982313
918582915428
919836079444
917044095432
919830693002
919875521241
919831199632
919903933111
918910720226
918910644687
919330817327
918583888134
919163965372
916291641653
919123305722
917550187682
919830055909
918334008956
919163588947
919836679513
918336892432
919163054045
919874982535
919836746280
919831133599
919830616390
919123155178
918240678156
919330849126
918017715057
919831033590
919830570472
919903333146
919073399765
919038841718
919477751235
919163808486
919830429172
916290718056
919433801448
919163902108
918584097225
919062906683
919748178217
917044344610
919748300543
917003763998
919831126665
919836420013
919163892107
916290114204
919748808861
919748787412
919831476064
916291320647
919831449194
918777435525
919830078849
919830572232
919433308402
919051308269
917003676500
916291330325
918337088740
919830213027
918240792869
919123233493
919830596769
919830130029
918240777103
918348733372
919433170683
919433827574
919830844626
917980805128
918697072287
919830985860
917550287795
919163013445
919831946552
917550283696
919330832684
919038387341
918420554317
917044307013
919432287414
918910668345
918240238695
919830978101
918777768252
918017877246
919831789789
919831513277
919163282711
919903347914
919831031185
919433044744
918697059077
917980381009
919163015859
919007812068
919830387005
919674779588
918240131989
919163289287
918617683196
919748895017
917044309503
917003844676
917044446655
918617290181
918240895696
918240377280
919123173269
919748848900
917044307687
919433127923
919748844235
919123084181
919903974373
919123171764
919007079604
919123204599
919830026841
918697029212
919831535171
919748897261
918336953995
917550268414
917044982440
919163894821
919831900969
919123901272
919748895667
919038927256
917890150348
919748834283
918240155293
919433213323
918017057145
919007848802
917550075149
919836634636
919073495393
918420556570
919874405449
919051705481
919903881263
919831011175
918910722579
917044307055
918335938498
919874177068
917890999978
919874035907
918240716336
919163737778
917980936567
919830048276
919875611759
919748867929
919073267296
919748484950
917550273317
919836227219
919903538340
918617843388
919830777664
917003858546
919836907287
919830136885
918420556723
918617328843
919830565554
919007099571
917550041116
919073409115
919073395818
919874478393
919163314854
918617422698
919007266160
919477774316
919830592443
919007579278
919163287131
919007682136
919830195177
919874345275
919432739388
919830594473
919163904267
918017035269
918697487188
919330832826
919163750728
919163615484
919007592554
918017037577
919748822272
919163287152
919748858430
919831527943
919433135047
919748829148
919163627696
918777437938
919330815465
919163818042
917044633455
919830612329
919051534064
919831631424
917003044700
917003305594
919432218541
919831415917
918017559556
919433526985
918617092448
919123957031
919831680302
919073182309
919330034116
919836098960
919163287140
919748738817
918777299387
918420077938
919830117532
917003605920
919073213677
918617540066
917980119597
917044309600
919123481149
919830489735
918617460570
919038325165
918910984257
919830569905
919432213172
919330832997
916290508622
919874116444
919830264064
917550065159
919433144023
918777761892
919875310347
919674979880
919088527632
919073974203
919830665290
919674760662
919051716984
919674471864
918777856648
918584092678
918777768283
918777639837
918240623749
919674125679
917449921806
919163280938
919748753858
919903016523
918777386337
918617522751
919831724700
917890221016
919830596862
919123371280
919038145319
919163515052
919038266053
919007812991
919748834628
918777496316
919830038383
919836214138
919836994623
919007481193
918017035730
918420122620
919748616211
919163280840
919051576902
918617520105
919903237313
919433798101
918777622496
918583904561
919433443008
919830337431
919831572715
918910518294
919748899915
919748848797
917550099030
919330470713
918240875739
919831356809
917550283900
917550014204
919831618018
919330318079
919748169818
918777037800
918910628946
919903778556
918697620096
919874470972
919674436128
919123400449
919073507744
919903668694
919903947538
919836679221
919007435409
919874884207
919123275084
919051575761
919830035360
918337001948
918348747476
919007903040
919007151398
918420554323
919830165594
919830319685
919830484123
919433308290
919830301281
919875672602
919073361085
919007077050
916291761583
919748873322
918420556555
919748861504
919830093681
919123131075
919831090082
919330636012
917044452772
919903105106
917003709177
916291028908
917044415400
919830761447
917890695351
919123060297
919830165927
919830199102
919830983894
919874238989
919123517714
919875763417
917044456959
917980781577
918777785623
919874627796
919051771973
919831305215
919903357219
918777582874
918910193642
919433935460
919007560399
916291995518
918777386674
919062715784
919330347531
919748442379
916291342462
919038011300
919007450209
918348231800
919088770559
919831089407
919831836871
917449886416
919831427132
919330489356
918617627987
919432774033
919123040599
919038420528
919836013685
918582986326
919051648636
919123037565
919123074974
916291469534
917003089064
918583939124
918017168435
918584999662
919836251872
919875650276
919051085713
918420723402
919330467067
916291964296
919330359161
919830470175
919836047628
919830339651
917980349586
917003944963
919674341661
918420733101
919123385144
919874892961
918584991910
919073267316
919748067222
917550305391
919831552810
918617086516
919874743076
918777726871
918017652839
919831381282
919674149814
919073961013
919830569909
918240241569
919123855944
919874816751
919088794837
919163989150
919836981717
919123493219
919830025400
919831342375
919038334274
919674860851
917003940489
917003844025
918777459641
918777073225
917003670654
917449484126
917550929202
919748919489
919903715404
919874261237
916291525956
919123774629
918617625358
919432298028
919123999594
919330541109
919330264373
916291234415
917980962262
918420344020
918420987022
919051952470
918335869185
919836064183
919875310582
919433609252
919123519278
918697377107
917003222422
919875513459
919330455838
918240753656
919674427999
918336025100
919831716014
919007920922
918240290939
919874841939
919903095626
918910435628
917550851073
916291767881
917890492766
918240809499
917890791508
917980408787
918240082197
919123530139
916291219038
917550151044
918017114308
919830978808
918348037669
918240862115
919432201284
916291319401
918240887846
917003213102
919123534600
919875001642
919007019366
918777628960
919830031973
919088714088
919123383099
918777215067
919123588030
919831307364
919123289390
919007842796
919875637901
919123867916
916290364284
918420971019
918617326842
919123806214
918017879951
919007464109
919831332731
919875310293
919874867832
919875216936
919038652441
919830141710
917980923268
919748991445
919163436502
918420931992
918777580240
917980480121
919062571365
919748045867
919330178820
918583834486
919007550941
918240761506
919903489193
919123285605
918348194851
919674642208
919831478498
917550138044
919433955462
919674529109
919038724741
918777798325
919674123157
918617517160
917003014706
919830068978
918617409084
918777699406
919123808619
919830518135
919831714132
919330343019
918240270159
918910786009
919674872662
918420887033
919831669311
919831067724
919874867970
916291637889
917980215604
917550114692
916291628544
919007608401
919874045526
919062407142
918334987279
919836021059
919874769911
919330512225
917044586844
918240660173
919830360823
918777677717
918348650681
919836407983
918348006769
918910817060
919073831561
917890597416
918617062381
919163698053
916290102625
917980838022
918582988404
916291919092
919007478317
919051663539
919748192393
919748013511
919830677004
919073906941
918617654482
917550185376
918348471751
918420615346
919330152230
919836169776
917003817062
918420869800
919748773164
918617046409
917980709228
919830133018
919674280561
919831679472
919062306412
918420676652
919007716628
918584930040
919038399322
916290736088
919748309289
919330181275
918420299537
918583073260
918420733021
918583038133
916290952066
919073576120
919007491935
918583868223
919123387640
919163254783
918910227195
919831116858
919123617717
919875385799
919903096555
919674483262
918902961734
919038214599
917980935054
917550881698
918584954666
918910893878
919330849089
918240216726
919433032701
918240432721
917003797041
918910194088
919123745007
919433357658
916291163867
919038902312
918617279841
916290244582
918697607781
918240202583
919330960266
919330372088
918697487592
916290216150
918420279579
919163049658
919051443295
917980078895
919088779187
918240104019
919007099324
919433081519
916290885965
919875664732
918420637147
919874177370
919874708883
917980773997
916291474171
918910300321
919836182820
919748346663
916291488511
919836586353
918336074797
919163980904
919903492931
919748353913
919830222176
918777844211
918420108338
919748345577
918240738204
918017704233
918617436806
918335884562
919903869386
918910014851
919674691794
919123174944
917980950126
917044018454
919123204811
916290810863
917003917393
919674306876
918777048025
919062823701
919836522567
918617412704
917044782981
919073755079
918335931997
918240373123
916290755923
918348373150
919875381108
919831391439
917980710625
918777570623
916291391518
918617737523
919163721221
918777638377
919875407033
919836684879
919163184524
919038990783
917003109699
919875717086
919088559220
916290440242
919088035715
918420782514
919875082591
919163015846
919674632962
919674145194
919836910996
917044232207
919477589583
919875164035
919433725097
918335879407
916290212919
918240777211
916290903190
918582827157
919477773830
916291884379
919836511038
918420373969
919330369134
919836108538
918017087783
919477844736
919836913117
919433333575
919875783303
919330132224
919831307525
918617884873
919007559534
916290258440
918902559139
916290523016
918777090960
917980131907
918584002668
918420989424
919163869676
919831189857
918583929023
917003978429
917980805717
919330276635
918910227644
916291320975
919875682109
919903264235
919330062359
919433372924
919875215937
918240503161
917044296439
916290231537
919073588077
917003158723
916290799675
919330288336
919674255366
918617081528
918420180139
917550311593
919330893754
918910109688
919674389544
918420828040
919836993361
917550212220
918777581810
919123179303
919830440923
916290021855
918777099269
917980606052
919903308015
919830415060
919330201740
918240692406
918777814041
918420821596
919830297514
918617471083
919875575660
918777518848
919007021814
919875503853
917044668130
919432213519
918617798644
919875755621
917003112061
918583942024
919836417440
919038583692
918777732182
917980675750
919831919290
918617055529
919007547566
917003582738
919038747445
919330541746
919038216103
918240021510
919330551903
918240997992
919831285778
918777058801
919875332011
918910949731
919874302998
917003021776
919874128086
917003315911
919830663134
919875659873
919051610089
919836723722
918910276334
917003102725
919163833463
918348721732
917980316241
916291375805
919007618076
917980243134
918583075129
917044604127
919330237898
918910132580
919062113191
919830261746
919433565975
919433213764
918910947345
918420290589
919123341078
919123786561
918420133660
919007067744
919433046533
919830138568
918017197084
919830665766
919831449149
919123652033
919830376369
916290562552
919007219551
917980697568
919831043583
918617385184
919903034590
919123304367
918017013998
919748685188
918240792724
919903918344
918617448414
918017098550
919330921182
918240422879
919875168646
918420327070
919051840749
917890940629
919830065218
916291243154
919874958242
919875322661
917550340164
917044574760
919088128826
919831777073
919088554957
918910940758
918240116383
919123192230
919874540482
919674666176
919831104369
918420025258
918583907711
919051249252
919123808321
919903798385
917003154879
919088718502
918910868554
916291427563
918617747885
919088348547
919830655564
919007454973
919330274039
918348867299
916290332424
919062424351
919875444715
919163013049
919007790212
918337823468
919477158654
919836549789
919038625095
916290046994
919433103654
919007917119
919051237316
919123757529
919433561986
919163670017
917044017574
919875487697
917003653816
919836011550
918240578891
919007423166
916290452214
919831610999
917550387931
918910543943
919831244743
919007319480
917003952177
919674438972
919163654721
918617676518
919038660306
919830340431
919875116327
918017351630
918420400899
919330926145
916291420207
918240586057
918420375405
918910181422
919903034053
916290848033
919903362608
919674062344
918777518319
917003724156
919830012288
919874493337
918336831461
919163088707
919836050943
919830940436
917003090502
919433367342
919903823042
919903239997
919007535121
918617798307
919330404365
919831008567
917044726063
917044282350
919330744508
918617269645
917044371988
917980411988
919903592319
916291114672
919874745317
919831138290
919163683230
919330661705
919674029932
919163568647
918240704262
917980291434
916291543087
919007838600
918582048183
916291126395
919051719623
919330610781
919830036561
919123001922
918910301426
919007765319
919748429464
919123713869
918420935563
919062066538
918348770238
917980864020
917550942189
919088649980
918583873972
919038831604
919007550773
917003362452
919330849472
918420780449
919674637491
919123818982
919875381727
918420434470
916291521958
919748440722
919123434885
919674186925
919830724373
919123035242
918617444073
918617461417
919123255915
919088770701
919875483398
919836049901
919163172907
919674941887
917044945848
919836834025
919433459223
919007569868
919875550527
918240444023
916291905539
919007812954
917003298530
919674473610
919330732491
917980087624
919830313190
919903083124
918910940200
919330795591
919874417628
919748067120
919051225782
917044391228
919163279238
918617255230
916290268434
919062691561
919007466873
918910589702
916291868186
917003787010
916290002382
919748194812
919875503682
918617615603
919163992813
918617542576
919330470344
918240236232
919836861768
919123190837
919874299642
918017133251
916290319410
919330773825
919330000420
918910201065
919874385225
917980567429
918617896364
918240045610
917449343076
919875649217
919163733262
916290724364
919007430939
919674607836
919330311299
919875637837
919836702221
919051110716
918240566837
918617001144
916290508663
918017410849
918420588801
916291836026
919830090196
919874253543
919830557495
918334015417
917550929488
917980927811
919163674137
919051756922
919836407254
917980713617
919432300967
919038324600
919062471227
919875731479
918910000177
918777797622
916290403796
919874853541
916290327428
919062610824
919748920048
919836800107
917003657752
916291535903
919830224358
919330998987
919831981768
919123204697
919163530084
919874442542
919674087121
918617351083
918334887176
919073780852
919836446918
918420671569
919007665413
918617050481
919874346153
919088358360
919123520938
919830681773
919874826487
918420975381
916290753976
916291832212
918334863356
918902210274
919163869544
916290028180
918420779104
918337015632
919330687688
919674639323
919123324664
917003680315
919830930077
919051526579
919007429673
919007423473
919875503400
919836011494
917980895954
918335014392
918348309269
918240029889
918240057406
919874466330
919073623381
919051671118
916291848726
919123414943
916290309993
918583940185
916291549932
919163170696
919123023158
917003102681
919073478207
919874755491
916291116982
919674172649
919875601198
919830631764
916290712564
918617270995
919007672965
918910014928
918777268766
917980797824
918777891785
918334985663
919062191444
919875432896
918910107704
919874650626
918337806635
919874180166
919062417214
919007618322
919748574556
919830944864
919903541914
918334855584
917980433378
919163639826
919163450234
919330291826
917980352934
919007608422
919051034047
918336902486
919831814308
918697943695
919163547060
918017784662
918420749841
919874332034
919874559430
919433825146
919830829121
916290660947
918420069199
919051467349
919330394733
918584981952
918240483588
919007641577
919874669171
917003824391
917003439483
916290602047
919038290671
918337857902
919875696636
919007706969
918337074129
919123422765
919330994817
919830810860
919874731337
918777484496
919830364090
916290887747
919051115336
918777217283
918240647077
919163483551
919073045331
919874045506
917550919981
919830018171
919836241566
919836942094
918617894468
919433778573
918348711979
918420674249
918420039771
919875792032
919123118427
918910746099
918617302040
918420879427
918240263662
917044755714
919007606256
918617385317
918777852021
918777579083
918420678891
917890894151
917980978948
919123407387
919831621243
919831042144
919433333285
919330840285
917980455076
919330818772
919875519951
919874368363
919330803553
918017263278
918337096080
919123279860
918583962050
919062260029
919875104464
919875008767
918910349185
917980037434
918617534870
917980191078
918617243606
919874650900
918617434734
918240336685
919330119855
918240248119
919007358925
916290961945
918910122569
919007381788
919836637219
919836775228
919830187424
917003099651
918777594571
918240779930
919123904224
919051301404
919674086400
918697969742
919477000167
918584065918
917980242437
919830077304
919330272310
918584077301
919874302956
917003814943
919836761467
919330972598
917044163183
919836775405
919330262838
919051469993
917003080731
918617017713
919674979890
919330441580
919038371080
919831335043
916291006596
919330291863
917449174520
919875755468
918017711387
919123194515
919330565197
919051274729
919674679118
919674149788
918240324574
919073867911
917890840740
916290429952
919903335727
919831126538
919330372449
919123931889
918697044843
919330734282
919433358580
918617015715
918017922101
919123613358
919874621253
917003567157
919330563878
918777638284
919051984465
919432203774
918777398429
918348170867
919330490364
918910337110
919051447787
918420255955
919073713751
918240165368
919123131343
919830271594
918583905158
918617341410
918777852038
919163133340
918617375194
917980156062
919674699887
919330697024
916291450937
919330950949
917003777543
919051323542
918777651436
918910490065
919748322101
918617640278
916290439628
919830033616
919875934225
919830459509
918240840572
919123353203
918583988904
917550834489
919903788322
919830736480
919007026438
919874070741
918617568016
919051223174
919051502885
918617639739
919007572653
917980423975
917980482768
918240263619
917550192962
918617503082
919830832251
919830785674
919830797212
918697272438
919062424520
916290090336
918420784483
918334892778
919007596376
918910722072
919874120785
917980142254
916291726309
917044919252
918777707453
917550180983
919836363983
918697908274
916290320651
918617771870
917550857117
919674255270
918617636712
919831165309
918240423031
918777281568
917003858690
917449814913
918617052661
918420267845
919875645393
917980722492
919123843867
919163975167
919830325373
918583820614
919088179357
919123380866
918777737322
919874346784
917550226797
918017047030
918910313400
917003680240
919007356947
919088022751
918420106600
919831185229
919330362139
917980579412
918777352492
919674703804
918617390730
917003014792
919163483522
916290725518
918240873635
918777384096
918617693486
919831405519
919123936029
919433859687
919836875907
918617593368
918910038789
919073338463
919903129607
918334914921
919903240673
917980494219
917044055469
916290209178
918617441617
918420621199
919330274851
919874718182
917003572349
918777026359
919875267760
918777359170
919477359445
917044200658
919831968007
919875116024
919903443965
917003562839
919831041033
918617639961
916291881437
918910276739
918240238856
918583084511
919123713559
918697233089
916290464164
919674535775
919674424924
919038468495
917003874600
918777893228
919836324130
919007763858
918240886294
919038279626
919062629694
917044909823
918777038832
918582937299
919330455158
919038900717
919830521210
917044683892
918017684024
917980386905
919330130832
919163398709
918777364496
916290983828
919051554979
919874495946
919875780530
919875774696
919830690364
918617869475
916291851719
918584883897
919830663170
919831917078
919836731835
919831131902
919073397660
916291944263
919830248731
919874170673
916291557128
919903105435
919830858175
919163218360
919163989424
919875131739
918348733731
919051923448
919062678792
919748991124
917980486161
916291381418
919903776695
919836790198
918583004451
916290339346
916291462802
919831606411
919038121984
918336011336
916290268439
919903247134
918240410935
918240096148
919038879721
919674135663
919038615541
917980985618
919330359128
916291875703
919163760521
919038436807
918420302389
918240373657
919875698743
918240753624
919123157413
919330773977
918334804925
919330778234
917044114576
918583986288
919903494796
919433009639
918910565188
916291185240
919874890415
917003702899
916290498175
919874300874
919432147013
919062595358
917044065155
919674304762
919330360412
918420946099
918420483618
919123052353
918910278496
918777217263
919123841347
916290545630
919830271526
919123444459
919432585892
919874934121
918777266647
919123708326
917003028134
918617566149
919903931476
919007775947
917044753814
918617471630
919330638490
918617241183
918017912624
919163967807
919051952522
919830803160
919477268416
919062154895
917550354310
919831141379
919163387470
918240566651
919330321661
919831851264
917890443803
919007714112
919903296171
919477175886
919330787330
919477756603
916290669911
919007744588
918337060485
919903260012
918420733141
919831787377
919875133656
919830725071
919051453383
916291041435
919432274345
919903252938
918334042945
918617640324
919123701673
918348267481
917003097203
919831437036
919051915596
917044283543
917980615407
919123857493
919830149997
919330301840
919831021777
919073434528
919123540285
917044338619
918617843241
916291952120
919007111981
917003562897
917003954904
916291187838
919123652034
918910991846
916291861232
917980516207
917450059798
918335050538
917980178012
919007991178
919051325313
919088336681
919330744929
919903124521
918777796753
919874033440
916290838549
919831910655
919007930095
919830676117
918697592223
919836560837
918617302390
919051406641
917003051691
919007128947
919674529163
919674444513
919123206183
919830303472
917980433484
919123892673
919123074966
918017534280
919163581503
918017867242
918910940791
917044792958
919123802282
916291016240
918348804803
919831444100
918420696362
918420639724
919874282637
919073243468
917980097856
919875539655
919163784486
918337039282
918777291411
919163160697
919903453748
918910949067
919330406213
916291940196
919123894364
919831971289
918582099680
918348578768
918910034015
916291439996
917550919648
919748202928
918420941685
917044023738
918617519260
919836618220
919123510645
919875443930
919830080269
919007320979
919674269902
919330431181
919123576247
919836618615
919163121358
919330710225
918240562198
919875322598
917980252103
916290893214
919836131145
918240275512
919330730621
918697511489
917003918852
919748033183
919748031098
916291525879
919748082851
918910240204
919433140095
917980785798
919123581059
919903480461
917980269099
919831393771
918910996168
918240539386
917003271991
918420289117
919330898370
918420593809
918617593176
918017118728
917980645487
918617351964
918348497176
919831033551
919330058407
917044356405
919163400753
919875165468
919038399644
919830315420
919088072673
918910298019
917550670931
918420774842
917890140139
918617688165
919748513392
918420780103
918582028458
919330239602
917980288733
918348317375
919874302860
919875361702
917003485286
917980007090
916290460094
919007809337
916291028255
919088251102
919330830336
917003773744
918910563507
919874877550
919088596343
918617627420
918348442068
919433610545
919875495590
918240733701
919007792898
918348635227
919903587562
919477567765
919330103522
919123351938
919875468553
919830079753
919830212710
918777075953
917980225244
919903713408
918348300577
918910687671
918240716352
919038331806
917980559353
919123953318
919330839501
917980432413
919330215109
919674280886
917980795205
916290746965
919051717308
919038011252
917044143738
919836351774
919874037426
918420520010
916291283550
919123838594
919830151792
918697613396
919163613525
918348529796
916291153709
918910881739
916290023453
919330469399
916291716264
918240751134
919830435202
918240709229
916291612251
919123556062
919123529952
919051022147
917550234782
919163747831
919836363592
916291219423
919073756690
919051832608
919038527055
919674904101
919051335510
919432274358
919163941701
919874806760
919830388761
916291917856
919875534400
917003942704
919038106346
919836838986
919123914211
918348566865
919123117083
919330844717
918910722592
919674963306
918240128459
918697370763
918582878436
916290673356
919874361294
917003677969
919433178720
919874576679
918910641419
919831089490
918617688537
919051607011
917003435850
919062126610
919123025978
918910325295
919831273760
919007836804
916291741275
919330756928
919836368077
916291574984
919830283075
919123566325
919748212426
919903061663
919874560806
919073613851
919874118286
918617759635
917003621465
918420798771
919163760563
917044346458
919123150701
918617434420
919038500370
918777648266
919123282432
918420446782
918240834110
918697801068
919748300414
919163627473
919831462361
918777707461
918420373152
919330286653
916290944745
918910264298
917980927701
918697609967
918910646398
919330404557
919123880881
917980950003
919073799888
919874670000
919748919888
918902320564
919073135974
919875407841
918777641388
919051515653
919875092078
919330160960
918240104289
918348310341
919051460030
919007474133
918420159795
919007844289
919123757462
919433499584
919830210531
918910626506
916290584041
919038495118
917980713889
918348550010
918617676968
918334039922
919330359123
919433811405
916291498233
917003978411
918240072547
919123943984
919330048736
919073050244
919748031328
918335992810
919830141537
917003844076
918617461687
919831680536
919875218813
917003016507
919051559877
918617062503
919330673842
919038562049
919007116730
916291319956
919330685019
916291498985
919038226113
919903693708
919674967382
919330964432
919123557939
919748238813
919330404592
917550244302
918777516304
918777653565
919674495494
919163510366
917044072770
916291560800
919051298120
919875231571
919123011356
919062113116
918240815048
919163079686
919038674142
918017685038
919748787177
919875358817
919051634557
919674605852
918240991047
917550817652
918336039661
919831413219
917890020593
916291403866
916291295893
919831706995
919432896306
918617481045
919163889503
916290608690
918777785720
918337015125
919875228831
919433609665
918240505563
919836456858
918420999044
916291236771
919330964472
917980854122
919123196870
919674713107
919330240527
916291271367
917003445192
918017195756
919674029698
919830313978
919051120425
918240848805
919123721443
919748655036
919830724720
919830297842
918617723074
918420517225
918777797843
919123328690
918910516109
917550307822
919674245347
916290936972
917044096892
918240919112
918582893577
919875037667
919830476959
919875126083
919062274445
918910110412
919123160984
919088647116
919874192395
918697849404
917003018796
919830162708
919007920985
919163941728
919836189254
919007425947
919163843987
918910953109
919830074667
919163353822
918777099523
918777830631
919073363472
919903321021
918240809205
919674485304
919836596641
916291533702
917980384340
919903822370
919038143362
918420265255
918617061278
919748309967
917550354700
918240243965
919874273157
918337818650
919007993585
919123172310
918777425695
919330734221
916291596486
919875628537
919038252491
919748006032
919674723023
917044121121
919674679482
918017615788
918697451641
919051229626
919123725857
917003490370
919836430062
919903752450
918240741518
919831199241
916291910684
918240481766
917980709615
917450082375
919330888243
919831474319
917550166744
918240417178
919830212385
919830789638
917980962009
919330164257
918777291134
918420861099
918420312485
916290354199
918017446364
919748241866
918617826599
919330668187
918584042599
919903666416
919123711844
919748248117
919051105965
919062884991
918420145573
917003543091
919831824173
919051152209
919874985390
919875167714
919123413623
919051705038
919088429548
919748431578
918240289687
919836322474
919830092845
916290763927
919903752504
919674509622
919038811080
918617593949
919875251420
918697681648
917003439798
919836621771
919831953370
919051950943
917980020087
918348106361
918617448277
919073269855
919123098605
919831608834
919875476015
918902220394
916291508914
919674516984
919007212813
919062808097
917980384233
918777893300
918584942885
919903008147
919831322711
919674304835
918240434778
918335941325
919123108526
916290946551
917044222454
916291983955
919875562131
919836692219
919123023522
918617392677
919674939545
919007909464
919007887594
918910935758
919330176535
919831017212
917550871314
919831971262
919123221883
919062475660
919163725505
918617326086
918582830573
919836875849
919330933180
919875501597
919748415332
919088393484
919330262077
919831621282
919874676419
916291868431
919830340580
918617666467
916290054445
918617363399
919163750580
919830018843
919830408011
918348021098
919330771423
918617750955
918017684760
918017770108
919748395127
919903605680
919163269931
916290694625
919123047635
919051924120
919051480707
919330350418
918240008450
916290043371
919051648817
918240674969
919163187930
919007041150
916291621853
919073833378
919007728289
918240265608
919123121340
919831153323
919330337668
918777832011
919831151388
918697448206
917003809915
918617647895
919073086348
919903418772
918910110487
917890249834
919062269160
919163436452
919073770765
918240824314
919062115695
919073801457
919062286338
919830460863
919330590427
918420855356
919007131187
919038485804
916290944715
918420639350
918420723600
917044679055
919330874206
919007171273
919830212334
918777531243
918617037268
919903945650
918240079096
919830956963
919674654351
919836011181
917980732003
918582063475
919330193437
919330031843
919007413131
919007165911
919062066291
917003241612
919123473340
919007525799
919123011397
918582002758
917003364047
919007484013
919830214788
919163216033
917044175749
919875548468
917980159169
919903872604
919875621112
919330181284
917550207908
919330577094
919123650155
919163532460
918617556781
918240777161
916291645620
919007307237
919903452786
919830459513
919433252799
917980575362
919874131139
918617870443
919830807653
919875784562
919163760630
918777569997
919836131543
917044311562
919330925227
918584087636
919123796623
918583807386
917890394284
916290090360
919836385627
919831944427
919874053748
919748045821
919163914977
918420887228
919831395536
919830092188
919163539061
917003712915
919123879591
918420456774
919330756856
919123867734
919433455456
918910734353
918697955234
918584971305
918617098827
918617629721
919123064547
916290230216
919051959407
919875308388
917980646163
918617821845
919874794514
917003897478
919007608507
919123532745
917890431892
919330984088
916290682923
919123688969
919073593306
918910653982
918617759242
919674420490
919836932256
916291919040
919874635423
918240121697
918240694371
919007539112
919123652880
918777822522
917980903459
919674001661
919674147896
919874961369
919123269522
919123253698
919748275808
919432528835
918777748244
919007366107
918240669050
918348572619
916291956489
916290368670
917550929396
919875669343
919875386698
919163989492
919831472869
919038216775
919123666413
918240684429
919874043164
918910099542
918697237807
918910651284
919007657752
919038218776
918348971186
919433536107
919836228585
919123883035
918617064489
917044877850
917980815292
918777868565
918910913168
919123926496
918240873174
917980308856
918617892215
918697595040
919874125150
918617627140
919038517457
918617532148
918017216645
918777577309
917550210479
917044287548
918240226284
919674030743
919875924998
917550156605
919088401129
919123951274
919903418798
919038495316
918420013757
919830078999
919007044114
918617497651
918777048002
919831151204
919875141615
919432835042
919007486738
919330561237
918017853158
918240430235
918337806408
919330496881
918617498156
916290057892
918777408177
919433333536
917003090460
917980516985
919123290352
919874794654
918777738907
918617571878
919831287838
916290319252
919830583937
917003832179
919875106736
919903957254
916291511358
918584881234
919748785205
919831079598
918777673253
919903750194
918777457052
919836265444
919836669549
919330901891
919748919957
919330252247
918420169420
919007954525
919330048707
919007222102
917550826832
918910663250
918348828474
919903056085
919830391798
918617896985
919051093259
917044611775
918348314802
919875637826
919051323808
919007014305
919038114561
919748169836
919432105870
919836608739
919903107709
918617241161
916290669377
917044692090
919123845907
919007932898
919836753441
918617652490
919674025696
919874649631
917980156122
918348542142
919062249862
917550391301
919007883825
916290158084
919874733086
918017694009
919831161046
919007560660
919875696328
917550391966
918240309075
919051577768
919007521622
919051443812
919875466656
919831189797
919123471850
918617896907
919007585872
919051408841
918617879381
918697629046
917980710683
918240011921
918617571744
918617243460
918697499483
919836192994
919836334606
919330042046
918697231034
918420074706
919051648518
919330237637
917980514372
919432742883
919830238818
918240202867
918910850078
919073784010
919874240373
919123160175
916291915246
916291163365
919674135764
919051651438
917003099024
919330034197
919051567582
918583915288
917044717732
919875483604
916291559253
919123080172
918777874457
916290224411
919163182797
919051554890
919051742446
918617468112
919674029969
919748481304
919330814188
919831491910
918334951782
918617713580
919836679536
918334877330
919836442342
916290141704
919062798740
918777579466
919836802492
919674698390
919836309795
916290220639
919007789111
916291491967
919123688061
916290896402
916291531185
919163483967
919830080566
919836260902
917003439869
918348927296
916290608834
919903933697
919163267346
919903965753
918582940861
918583835437
919051675448
917980291564
919330374746
919836508355
917550317231
919163072338
919874672297
919123542911
919875739577
918348757119
918617578089
919330634003
919748540126
919874410979
919007848127
919007897731
918910138195
919748503746
916290848291
916290692435
916291488704
919073377902
919674737433
919433203934
919830366649
919831332095
919073289119
918348708739
919330734344
919062248470
917044812635
919123613572
918583810936
916291354207
918420867648
918617808388
918777614188
916291004987
919007207601
918335982945
919163928377
919123265708
917044961823
919874241519
919163674083
918617691725
919123409307
918017142962
917003653680
919875458005
919674426694
918617495226
917980081008
919163593292
919123098465
918617025385
919073770409
919831682274
919051396368
919874231735
918334924535
918240072467
917980940651
919831429450
918617688737
919330754639
919163709148
919830559713
918240601332
919875059087
919903970388
919038277065
918617328570
919830954522
918617534711
919874672513
918240613438
918777413874
919903083575
918240084570
919123253373
917044043659
919836055530
919830993544
919874796939
917980533827
918697233636
919903898988
919330391973
919874802366
919163483634
918617267656
919903007180
919007785478
918240670030
918240407793
916291028797
919831535324
918777484356
919831207143
919123387532
919038601815
918910793499
916291917705
919330469262
919831513413
916291248923
919831910774
919062150368
919163324330
917550105673
917003638475
917003470244
916290134030
919123255174
918017399637
919836562605
917003497389
918583012244
919836456088
918420309537
919007498118
916290415082
919007810627
919051937552
919836358399
916290464257
916291513790
919038517446
919330396151
918017182893
919433571281
919748702020
919163265138
919831919660
919051240222
918017845927
919007466770
918697632246
916290236730
919330274683
918617745013
917003981974
919330097930
919163412491
918617400624
919330526104
919836182726
917890328236
918240716308
919674651389
918420098222
917980264856
919330056478
919830275971
919038674181
919831093846
919831110432
918902180825
919330761881
917044057830
919874591701
919830303730
919831812407
919330467767
918337015126
919674123217
917550844066
919875598492
917890490993
917003041453
919903850704
918777036285
919062750787
919674160831
918348542447
919330311542
917980460907
918348497414
919330797816
918777687055
919038393755
918584955058
919830460208
918777484782
916290236488
918240804346
919903811067
919836155813
919073326756
919830893726
917044394691
919830616075
918348637417
919432426312
919330349843
919903286209
919038659154
918777470640
919674245650
919073182001
919051609081
919433213362
918017772592
919875488042
919477122370
919007283231
919123446586
919123975395
919163916359
918420160729
917044437166
916290964082
917044321989
919748322751
919874780484
919432372564
917980350842
918017419093
917044731311
919051575598
918910551200
919674066758
916291584284
917980085604
919051960452
918617448728
918777858869
918697544154
916291271113
918240170665
916290273862
918617772828
919836428918
919831030330
919903992723
919123867166
919875371885
918617772316
916291549929
917044261958
916291836119
919330036693
919163519562
918240603688
918910227727
919123299036
919830675066
918697331343
918582014423
919038691994
917003881395
917003079991
918017495661
919748761994
919007917464
919038806495
917003031984
919836307126
919051712671
919123725692
919903494885
918697955505
916290043843
918240468490
919830917010
918240613626
919831549691
916291224978
918910146625
919007885959
919748738339
919062668864
918582937937
919123867389
919038351714
919836194456
919836395271
918617798420
919748944710
919830045448
919830846927
919433009808
919123397158
918617314164
918240021037
919123529352
918697245380
919007824166
918240662900
916290562482
919477350701
919903323851
919874853825
916290995470
919123086738
918240148334
919038111923
918697380983
919123721148
918420385204
916291209462
919007094766
918910531767
917980119200
919007848216
918337806110
919830616056
919875008317
919123857292
919123759746
919874536375
918348106158
919674931450
919875662025
918617216195
918910685994
917003881514
917980989037
918910193772
918420504205
918336091925
919330959079
919123157771
919123064330
918777293825
918617786918
919830580243
919836180615
918697959704
919903980401
918910830352
916291738956
918240578927
918617316925
919875635717
919123517655
916291844184
919123685106
919330143500
919875403148
917550934907
918420936520
917003714864
919748552923
916291126150
916290153788
918583099593
918910046075
918697809422
916291712347
919836169933
919831703593
919875251492
919874686556
919836596281
917003858682
919123637540
918348613450
919123725677
917003082133
919674571833
918617581309
919038674576
916290307872
918617375342
919433811413
918910384630
918910294752
918902557232
916290346913
918017226388
919836241730
918910940098
919433587862
919836777110
919831082536
919007293256
918017186926
919038118542
919748045687
918017410955
917003991710
919038848934
919330335042
918348625149
919123184862
919073867037
917980476580
919330423864
918017326711
917980179874
919836297994
919836631281
919051075934
917980881792
918582925839
918910976768
919831010006
919330874365
918420133148
918017299263
919674389392
919875640582
919123397380
919038723971
918240711857
919432156959
919433610703
919674001654
917980009155
917980575313
917044549726
919051370303
919163290246
918240621129
916291381760
918348932399
919836873261
919830890777
919748263381
919330901246
916290356236
917550822238
919875351799
918017103235
916290393669
919088312331
916290549539
919831285546
918240575415
919830665464
919674711156
919874755275
919674221998
919051286681
916290177875
919836070343
917980589483
919051587161
917003751925
919903286166
919163615652
916291724426
917003887848
918335027994
919123997157
918240844529
919007523100
919830212562
919123338962
919007584227
918910325705
919830616993
918617289090
919831124168
918617593744
918697375582
919830830108
918617039657
919836623882
918420241132
919903477180
918910024445
919330362533
919123471413
919051203807
919330127377
918240407647
919330250109
919831946419
918335941725
918420157144
918777350031
916291858040
918617448672
918910327606
919748576693
916291356616
919831439113
919874179757
919674963375
919051553681
919088299196
919830810212
919433455669
918582940556
919674422405
919875552476
919088214577
917449479849
919433068537
918017113836
919330622213
919051565833
919051026891
919038002117
918335076174
919123184918
917003086468
918017289411
919903813655
918910219883
916290454900
918910142688
919123989902
919903941800
919875792472
918910748635
918617587590
918617542319
919903886885
918240781650
919038529703
919748212458
919123103521
919830376786
919748131388
919903347011
919903490308
919875767602
919903428364
918697715029
919051837094
919123423238
917003549986
919674243649
919903020046
918777724829
917003560493
918336965335
919163568296
916291393794
917980225269
918348676413
919836194474
917044763151
919836716286
917980544421
919330034312
919875358184
919836309750
916291366450
916290381712
919051342504
919163143376
919831190945
918910345013
919748395378
917449194495
919123784746
917003100468
919007200716
918240706758
919875397848
918348310372
919051357168
917003665590
918617050305
919073267291
918017497932
918420884659
919123231861
917980472985
919038816151
919123992802
918617025188
919163434521
917044327956
918017143041
919088625884
918583996179
919836836672
918910866038
919875094282
918335845610
919330820868
917890536241
918910964858
918240167515
919903615051
919674872961
917980974394
918617231218
918017963547
916291151754
916290555058
919830830040
919007537684
919836584915
919007317374
919903332563
919874361416
919123611078
917003391367
919163588181
919836351909
919836753184
918017139908
918240312816
919874241603
919674652982
918697801388
918617473416
919831403680
919073772182
919831374475
919073887031
919875094447
919477109368
918777242897
918617725819
919073121346
919836468560
918336906341
918584917412
919123723395
918910996496
918583976507
918582962533
919748192939
916290026594
917003219158
919674292510
919123591643
918240047295
918777470273
919330433245
919123013818
919875526461
919330242565
919123237637
918420493823
919836407648
919831470233
919874319148
917003138578
919007136980
918420169696
919432840172
916291276430
919830297163
918017430069
919836800800
919007655090
919748956261
917003533848
918617843671
918240846167
918584809640
919875591485
918617446717
918777580430
919875529194
918240696983
919874747656
919433103268
919051056405
917550310689
918240279923
919830459484
916291753811
916290895327
919163400421
918240789243
919831968274
917550148428
919007055463
918240831190
918240407937
919073821486
918777817637
919674137882
919831633592
916290236418
918697369825
916290704256
919163241186
919073275526
918240932648
919874121853
919007905668
919875517155
919330803989
919836802791
919051489286
919163884967
917980518809
919748606218
916290449141
917980926064
917980768553
919330061415
918348922640
919433536877
919051085214
919330176552
918240322323
918910744877
917980685900
918335869471
919073098194
916291393362
919163566804
918910748530
919123481051
919903740756
919432083963
919330384263
919330695424
919330048710
919123989921
918777746073
919874170887
919051507757
918240407552
916290956982
918240289845
917550100609
917044126121
916290511167
919330392037
919073841352
918617326526
916290395933
918584966100
918420759269
917980010699
919073688351
919123414976
918337806388
916291126773
919051827504
919051352890
919830089198
917550873981
919051347817
919123461419
919330524273
918697412142
918910850089
919830197136
919051652820
919830273622
919007628505
918334802629
919831550550
919874190043
919830462768
919163050315
918240540282
917449438803
919830033413
918617686030
919748285362
919163757577
917003907468
918420755305
919830457039
917044666980
918017051875
918017909151
919330962815
919051541463
918017913864
919007212630
919831899575
916291932353
918910819738
917044356077
918582949434
919163076917
919830082702
918348180493
919874662934
918584968915
919875143685
919836468936
919748628224
919007763947
919836961959
919831307293
919874924500
918017882942
917003989924
919874621163
919875346461
919007449780
919433860397
919163808582
919163047542
919163218221
919123399475
917550163033
918617351037
918240731702
916291643272
919874735688
917003408498
918582048385
918584875928
918348831335
917550317246
919836827276
917550962467
919903668871
919051144438
919073529190
917890149253
919875623292
916290580283
917044545884
918582819982
919674015095
919163784398
916290633945
919163589156
919051622160
917550386274
919831944104
919123986926
917550387662
919123857409
919903350780
916290543315
919874794902
919674847404
917003608994
916290401126
919163373002
919836900952
919038241494
918777724779
917003028101
919748405257
919836584693
919903850659
918240429450
918240993212
918334855272
919007651044
916290474707
919874987574
919038108913
916290763520
919123341549
918902393601
917003053217
916290604600
919038916403
918777459021
919051274310
919051139234
919038505869
919875564675
919123253887
919836722093
919874177388
919903022682
918017309491
916291437214
919007375886
919330717251
919674603386
919836973119
919903010370
917980685401
919163169006
917980541970
918910014710
919831637779
919163218561
918348745838
919830006789
919062693764
919330742389
917044119928
917003488989
916290291181
918420869508
918697392170
919674727871
918617749818
918420747205
918240909718
918902016325
918348238270
919830263922
917003376847
919051370276
919330435929
917449921429
917980516925
919831922658
919830024786
919330379106
916291881357
916291655035
919874021719
919038552547
919830069654
918910266257
919123916382
919062693799
918910010544
916291124403
919830626494
919007366737
917980276283
916291089586
918617676336
916291041454
919330178268
918617870449
919875667616
919073860956
919123723575
918777878547
918017507880
919038796996
919062300580
919088290788
919330311297
917980803073
919038711880
919007856205
917003317243
918902268235
918348096813
918017149675
919875218822
917044525753
919831381243
919875527452
918017833820
919330770615
918348724819
917980820964
919123517828
919163606862
918910937701
919007780953
917003714741
919830090172
919007187324
918617774653
919038214335
919836800383
919748376892
919831187514
917980673262
918583893274
919674784067
919874017424
919330489332
918348880545
919903480955
919748420395
918348236087
919874281236
919874434752
916290439652
918017287166
919330276012
916291787893
918017009129
919875747503
916291136057
919748023604
918240775093
918240775380
918617047164
918777863671
917890394924
919330058454
919748718912
919163473532
919674392113
919051526016
919051168090
917044023719
919163686119
919831929063
918240586308
918420591301
918017277891
916290712284
919836944158
918240804900
918777783107
918777628342
917890654243
919007407018
919836050980
918617326791
919836419979
919123915434
918910952837
917890029083
919874238468
918910665874
919123510832
919433888878
917550942192
916290608502
916291670898
917980044043
918584053998
919433186212
919007562930
918777297066
919123990781
919038664371
919836358674
919831723744
918420082070
919330030061
919051239607
916290968536
917003284655
917044285423
919674098045
919748616361
918910742040
919831045630
919875657143
916291694755
918617424284
918017275524
919007915155
919007136012
918777244917
919330421726
916291665477
919874645241
917980724916
919830638471
918336036539
918697766560
919051675723
919007765163
918617869508
919874495995
918697656946
919123412433
919007702054
919674666854
916291523213
917550927871
919903590866
919875784653
919831783227
919330565317
919674686582
919123613705
919903729756
919088023536
919830330807
919123804036
919007222109
918617001816
917550340814
918017458665
916291126263
919163880383
919123796664
919123637010
919831547262
917980797947
919330683708
919330646237
917980764656
917449115556
919903617047
917003242654
919433115563
919831511416
919903204214
919875454668
918348432991
919836407716
919830126407
918777408229
918617245880
916291210743
917890526537
919123062807
918583876214
919674037510
919330146889
919163581998
919163037530
917890791693
919073855924
918697778817
919748128392
919038637066
919875621193
918348252613
918348505226
919062749472
918617556516
917550124083
916290391308
919831008668
918582815049
919123967812
919875593541
919836848810
919903085945
919038794252
919875792247
919903742616
919163444010
919073625881
919330166274
917003100612
919073131816
916291702972
919748606842
917890343054
919903884063
919903882061
917980976462
919073623357
917044277907
919674098002
918334865966
919903215813
917003638373
916290905272
919123505198
916291523729
918348802042
918337027112
918910580427
919123853285
919073434444
919123532773
916290692400
919748454193
919830189656
918910229510
919330876625
918420279445
919875598226
917003864378
916291917047
919830449544
917044383647
919874430608
917890825541
918420818569
919748354344
918777024391
917003197352
918777048297
918910347171
918420277029
919830055055
918240155517
917003982563
919123757030
919007405956
919836253935
919038399918
919330406321
917980612581
917044814794
919831440630
918336965328
919163603439
919051830913
916290055208
919433752827
916290440258
919051859840
919330658784
917980264151
917980502985
919073483490
919051984534
916291444865
918617375527
918017137264
919831157005
919874358500
916291761559
918420088932
919123277452
918420990564
919830834510
918348760920
919674654679
919163253734
918240674504
919073900216
918777506517
918017228436
919748344140
919163131020
917003777631
917980254945
919874251557
919123690658
919830200694
919903264544
919874948884
919123290274
919433678297
917003790578
918910109517
919123446440
919875106561
919874936661
919874721454
918420159686
919674125885
918617434759
919038277709
919073779123
917980901003
919432840388
919330362804
919163157149
916290453794
917980817984
917980337572
919123241220
919163544414
919836726309
918910301809
919073400643
919748287193
916291572008
919836765479
919330646379
918617652987
919875098522
919051646499
919836326970
918910901939
919903750274
919874637793
916291657600
919330830155
919875456460
919073064641
919874804124
916291342241
919163326497
919088606041
919163147930
919123292951
919903687537
918334985883
916290459120
919748194758
919674024265
919903658808
918420723240
919073377766
919432250809
919903286730
919073997155
919330839721
918910024715
918420314839
917550919821
919674231333
917044784860
918617206873
916290954300
916291545153
919830299848
918617439937
919330369784
918617475749
919051191239
919831574426
917003161367
919007138661
919875116175
918617328651
919433188404
919875395210
919875576632
917980313244
916290391164
916290449987
918910970219
916291559118
918910376623
919123581995
919875100875
919836910752
919748775530
916290549869
918240588132
916291449037
919874180790
919330311266
917980046155
919836907770
918910830094
919330683124
918582913492
918617505293
919875165619
919874058195
919007942081
917449739305
916290126040
919051839727
917044315704
918910120871
917980508507
917980986304
918240647539
918617867663
919875985709
918697367627
919123133465
919836958733
916291604621
918617324075
919903360161
917980048760
919330374475
919051820425
916290403702
916290063254
919123601526
919830712070
919903629065
919163123909
919674113803
919830699127
919062605997
918240741389
917980156696
919330935386
919163172641
917550824338
916291682473
919038989872
919163328711
917980708304
919088680232
919875236434
919830988410
918583905845
919123060281
916291330264
919038216291
919830929093
919163397454
918777095143
919038238136
919836131825
918348412132
919836897399
919903308121
919875621116
919432178278
916290476009
917044949522
918777893345
919830437807
918910996457
919831667566
919330323013
918617399259
919163218484
919477311456
918617664975
918420747293
919007104724
919836275077
919830325666
919830648745
919330543746
919123870783
919123361167
918583976509
919830116561
919330707986
918017050582
918617060272
919330339696
919748944880
919874495699
919836763322
919830814171
918017287305
919123863542
919674316991
919123530455
919903406778
918420627717
918697487291
916290002642
919875946338
918348000919
919123664843
918334027729
917003797559
919123517291
919831099717
918910369659
918420373088
919831559633
919830939118
918777838450
919330036778
919163735278
919088403109
918910195986
919874472267
919163253738
919007690407
916290102511
918420731511
919062678162
919875238724
918617424819
917003966896
919875080029
918240324764
919007366247
919830964395
919038867912
917980793357
919875094406
919875635863
917044297722
919330181459
919088033199
918420385359
917003079668
916290567101
918777232576
919051428079
919123275179
919874826232
916290606073
919062078057
919330996492
919123137987
917980868791
918777641745
916291199180
919874731552
918910038768
919830349334
919836143620
919830177964
919831513730
919330876841
918017503513
919836456105
917003569969
916291861058
919836861950
919123879706
917003365511
919903857358
919330781722
918348613397
919874285283
918420265333
919051646573
918910347804
919123495497
919433213355
916291919663
917449221202
919674691148
919123963643
919007160660
918777724549
919007387095
919123373035
918697522021
919163676569
917003702958
918697984817
918420322409
919330609444
918910516972
918240890599
919674365825
917980229506
919007741323
919748446784
918334831559
919831307947
919748083253
917044425256
919831307106
919330308650
919874322400
918697583024
919748799096
917980470090
919831608062
919073143732
919007993814
919007763654
919836858053
918240294537
916290449260
919073640998
919903378813
919062363488
916290401121
916291244494
918420505653
917890321956
919903847672
918420733714
919088770507
919123184075
918617798274
919831082750
919051555669
919330107398
919007616556
919051327944
917980000902
919674233797
918240777655
918240674769
918420143945
918420664283
918910202156
919830447013
919748588450
917550220330
918420525263
919433152563
918617400616
919330881977
918777097154
919874324290
918420507571
919123843507
919875552386
918910204849
919433091098
919903225650
919875155641
919330624751
917044212302
919903022557
919836275238
918420033013
919073769692
919836397890
919748767993
918910110717
919836422891
916290677531
918240275757
919038243504
919163637103
919038806482
916290797054
918697463677
916290092193
919432321622
918420845702
916291547297
916291381591
919330262126
918240552897
918910893204
917003699189
919123759215
919330876583
918240430274
919674137572
919330541095
916290714344
919875422635
918777567621
918910278577
919123554209
918240432135
916290743724
919163020201
918617373171
918420155058
919903556555
919051563057
918420013915
919674216227
919062686008
918777569463
919477026071
917550180962
919836621329
919836084715
919875515641
918777024284
917044440794
919836586613
917980119814
918240824917
919875165409
919051803409
918017659882
918582026764
918697582383
919163255907
917890300945
918348481545
919007075376
919830582971
919831189996
919123338726
918617280181
918336951345
919836956021
919330048917
917980840259
918240187117
919831283144
917980567914
919062285305
919874346529
919123446611
919830401988
918697139724
917980482024
918902364149
918617373136
919330817359
918617578481
919831873591
916291459388
919831094744
917003733749
919051061903
919433658700
918617375395
919831116934
919007650184
916291560660
919477099774
919330605136
918910964383
919330386426
919051188329
917980710494
916290102792
919007293748
919123011219
917980471648
919674272963
919830435758
918348213170
919831031860
919330744448
917890164968
919903752647
916291836611
918910134322
919330215644
918910888501
918617013106
916291102158
918777710214
919748669723
918420409352
919903127055
917003616574
919830545403
919330048583
918697835163
919051959423
918617532474
919875562522
918420662464
919875397955
918420419139
919038818982
918348361926
919477842624
919874770662
917449250727
919903127415
919073566690
919051729155
918017877144
918584927312
919123992908
919748299551
916291531104
919831016189
919007604639
918617757277
919007641419
916290809916
919674145314
917044016097
919123402997
919748371457
918910641997
919330795441
917980990074
919038747484
918617517311
917980502304
919874963856
919038214400
919062627477
919830411495
918334042881
919073190045
919330754387
919748368241
917044268457
919432166521
917003968412
917003820145
919748371478
919831391304
917003031837
918910996400
919051646191
916290736072
917550122190
917980626411
919830079180
918902670542
919330240016
917550177418
919123287767
919831679327
918910638912
916290883369
919674400914
919875160888
919874033574
917003700488
916291210788
918777579835
919836180983
916291079326
916291913745
919748045379
919330506989
916290232562
919163338834
917003856452
919007861100
918334826011
916290354311
919830079916
919831610493
919330793769
919123527038
916291427658
918017686495
919836140068
916291531099
918017912662
917980482871
918017141274
919007161714
919073052928
919432235070
918583883925
919433012942
918777720376
918910949295
919477579651
919874309687
919073182197
919330213674
918910388953
919674341260
917003883604
919330996013
919330469709
919831910412
917550975230
919432081293
918617556762
919831417430
919051396613
919830445038
919830273052
919007883681
919836968088
919007526583
919330372361
917003596440
918335967947
918777677758
919903127016
919007587805
919330996539
918777051226
919903999231
919062615189
916290883631
919007871777
919875094355
918617662059
919123558719
919830553058
917003547243
916291004185
918420578513
919874708807
916291569041
918910579258
919088578914
919830952533
919073471573
919163554242
919051575640
917550376014
916290533006
919051575701
919836971706
917044780509
919073375374
919831212129
919836905113
919123387980
919123530282
919674642135
919674377681
918697691627
919748680421
918240887595
919073405277
918017637148
917980250703
919062530123
918777075199
916290537584
919830464965
918240883296
918017999387
919123861872
919875037694
917980150981
919874529048
919330583347
917003041285
919073412929
916290846350
919836968662
918240478169
917003653862
919088515446
918697835377
916290352518
919123493079
919330972416
919831060188
919874097493
919836932592
918617363361
917003895880
919903526497
918348478176
918240932683
919674150788
919007897092
918582099425
918240650336
919830070363
918334040838
919748606285
919875383512
918240529783
919007472474
919123637225
919830496269
918420930715
918335076811
918617733208
919748171758
916291028905
919831200305
919433219039
918420772779
919674966362
916291550747
919830773371
919674390484
918910998939
918617841699
919875497923
919051756467
919830618934
918420779313
919836560403
919836753050
919674483480
918334824449
919836562704
919830628189
919330105019
918902212454
919830966960
919123833935
919836682411
916290217702
919674050031
919123292016
916290344589
919831031648
919330732603
918334914837
919163678868
919123733170
918240863968
919831339007
918240504907
916290175930
919875332258
919831790944
919875170367
918583905799
919748214389
919874936780
919874167168
918335963161
919123172991
919903239618
919123914737
918334936508
919088407541
918017743403
919051083021
919674157228
919831166775
919062007560
918240011593
917980588230
917044909375
919051195505
919330264009
919330337581
919836444405
919038743176
918240468655
919330431188
919836525893
918420195625
918777820514
919836596771
919123558610
919038698204
919123389215
919674688065
919875495376
919875608201
919903948098
917980445642
917003592189
919831313132
919674606591
919831033796
919836049984
919038529559
919038385581
919748358688
919874055014
919903191578
918240274540
919330291540
919830511830
919051648562
919874290617
918017490532
919830799937
918420397398
918348790948
919123023428
919875082808
919051394127
919875481923
918617037686
919433404281
918777795902
918017683324
919123050755
917890752595
917003580049
918617821527
919831848610
916290865687
919831077310
919674214191
916291920459
918240290950
918617267451
918697654158
919836444073
916290775592
919163473618
919051115361
917980805501
919051781324
919874456180
919123471816
918582893688
919903083977
919874566922
919874253410
919088023534
917003714195
919123147046
919330359387
918777819378
917980156402
917890732893
918910531771
919830089225
919674213557
919836584856
919330960377
919903007248
918420160600
919875238837
917003061080
919073135977
919330396465
919748983629
919831199265
916290100788
917003220896
919330048493
919674845376
919051019309
917044053253
918617627185
919903007238
919433888233
917550307229
918910929774
919875409714
916290663099
918240310174
917980503224
917980651986
919875226400
919836618377
916291060459
919330512437
918777010135
919875924662
919830915546
919330445249
918017145740
917980217624
919330622847
919330634426
917980457598
916291751161
918697764029
919874527901
919088033172
919875637241
916290484277
918240714319
919051087932
917003205554
917044765154
919163987159
919836679602
919088212122
917980878460
918617558789
918777423829
918777219694
918420215593
919088788766
919831547695
918584883804
919007439405
917003366223
919123072621
918697921676
917449531751
919836726531
916291669798
919073527634
919330783231
919874180090
919674147641
919073170317
919903130021
919073448819
919830787319
919831271347
919051243993
918420928678
919875505347
919875696802
919330469776
918777256547
919163737618
918902368685
918617759278
919831576886
919830236662
918910447588
917980677817
919051685997
919051609009
918910195422
919875454675
918617387205
919038334146
917980213148
918240278346
919875419079
919330301686
917890693095
918348241545
916290836182
918420529529
919163040974
918420253040
918017084518
919903262888
919748188196
919903288277
919163049527
919477163947
918910700916
919874564953
917449730998
919831368776
919831138416
919836180993
917003804040
919874070316
916291271492
918617554071
918617686044
919330939871
919830889647
918420485606
918017108193
919123312035
918582964693
917980362601
918335951042
919330020518
919903758111
917003312574
918583989079
919007122161
918777841099
919163184390
919674879591
919163762942
919123184087
919163745290
917890420078
918583882868
919123977907
917003244352
919062399373
919038231588
919830578972
917980805170
917003285894
919163216376
916291824623
919123409647
918697223730
919330036516
919874066206
916291026207
919432306825
919748983903
919038074499
919748669581
916290491818
918910974119
919073383374
916291405450
919051205534
919123791707
916290997994
919836586381
918017216776
917044347345
916290587574
918910148972
919875302713
919038432416
919674049497
919051935668
919051707915
919836535230
919830724688
919073556575
919007840723
917044922146
919875310541
919330494574
917550887813
919163088261
918910146421
919874889227
919477000120
919123953997
919903787966
919674625326
919073323588
918240969836
919163851943
919875104188
919330829316
919330756807
917980019061
918336017786
918910347025
919830560893
919830200170
918240981514
919874718276
919831478405
919903617033
918617808371
919007344326
919330152288
919831165334
919836523739
917003411685
919875371487
919875432941
916290452576
919007004323
918617774505
919007848027
919163688970
917044621807
919830315541
918017556875
919874016389
919123943867
919330599077
919477313444
917003797214
919433491928
918697272816
919748549163
916290092301
918617317528
918697211725
919903201735
919073336065
919831045903
919163279548
919433066424
916290780725
919123013848
919038841578
919748084321
916290138190
919038708529
917890957243
917980099607
919830555495
917044932195
919433321964
919830812956
918334852051
918348775407
919062298745
918240141492
919674446468
917980516705
919836155150
919674243021
917550168825
919330730652
917003543301
919123098654
919073701507
919062412002
916290031649
919875442336
919123170394
919903737381
918910834987
918617762742
919123052361
917044812264
917003236843
918337039201
919903357684
917980175408
918617629623
919903528759
917550815889
916291690476
916291472493
917980970106
919830077120
919830881101
919433406919
917980335683
919330384514
919748058625
919836765712
917550822049
919123025548
919433428383
917449607017
918697837545
919874647501
919875309472
918420442123
917980998006
919433754084
918910881226
918777217186
919874601896
918420108803
918348539513
918902309631
919831330625
919674269370
916291219321
918348128226
919836669830
917890081302
919330203643
918420434529
919674845424
919830624873
919123093779
919163987820
919875552678
917980156763
919123265427
918240944824
918777810647
919830449638
919007555795
919830330522
919073918881
917550184637
916290631459
919674353329
918240300626
919903727001
919330862093
919875649243
916290618022
918910925791
916290439741
918017478055
918777411380
917980496930
918017598121
919163530709
919903132775
918017072721
916291753901
919088356135
916290929374
918910333209
916290806658
918240860244
917890526825
919830450297
918910730225
917890431823
919007775536
918617318294
919073845658
918617546865
919073718259
918777087516
919163926927
919875381639
919330284374
917003024446
918777651416
917980937304
919073703951
916290401149
918910474056
919051683444
919163780013
919875153307
918910575343
919051801212
918420106461
918348310582
917003026717
917890270150
916291570089
919123410419
918617474569
919163745386
918697668659
916290401296
919038614969
919830570445
916291574609
919123143031
919038351356
919830500666
919903619303
919163098138
919051669102
916291031996
919748794815
918017505409
919038505805
919433406412
919123373596
919007271140
917003836685
918240096816
919330333632
919073058311
919874943967
919903201272
919051768429
918240789343
919748349318
919330610674
919831508199
916291909897
919836150135
916291932121
919051508887
917550873226
919330146368
919051142970
919330421528
919123613467
919903666488
919051852628
916290767925
919875623872
918617772816
916290439808
919674159574
918617047152
918617640764
917044285967
919088584225
918777868228
919073784777
919831153911
917044371807
919051489235
918240822037
919163965046
916291856037
919836883335
919123953744
919874621785
919007670652
918240784243
919073292940
918348549083
919073072040
919903311036
917003244257
918617446295
919831190399
919836468273
916291506020
919874056621
916291863601
919051335420
918583056477
918017576124
919088362434
919830354462
919123493758
919874310454
919433575916
919748671088
918017529429
919748608798
919123385235
919073735031
919123625107
916290474176
917980636764
919831437164
918777846586
919038818086
919875141283
918910266161
918240692434
919836812017
919831670521
919830126020
919123194857
919874564416
918348601576
919062333766
919123877028
919007439061
918777207450
916291488339
917044414134
919477612019
919123399751
919123583761
919088312967
916291138427
919330193709
916290412957
919433054078
918617279621
919830469193
919062530060
918777734606
919330614589
919831427437
919007598948
918777871757
919038601074
919836851992
916290210313
919748417619
917003256131
919123916381
919875611958
919836694612
919330291914
919123552219
919051866860
919432693071
918777543963
919875310416
919163654722
918910551434
919875100573
919038926366
919038517761
919874588052
919051950619
917890286780
919123447957
919330278952
919831224246
919038121145
919073613993
919123963282
919163422621
919123196835
919830993992
919123270730
916291244038
919330176230
918240805105
916291122146
917550897992
917980298933
919875230069
919830545307
919330181453
918420290138
917003883596
919830604299
919432127319
918583822248
919433646518
919903553469
918348241663
916290946459
919123226293
916290692137
917003329095
919875165458
919051724998
918348096886
919874405022
918240956131
918420615675
918420420000
919836279536
916290763862
919330470387
918420106072
918910119265
919748763120
918910803430
919433720835
919330384291
918017867616
918777388593
917003261860
919051960633
918335050066
919903587688
919051453320
919830797313
919330131904
918777388570
919330443711
918240387732
919831261270
919831635817
916291881206
918910699169
919051215793
916291329846
917550185750
918017928847
918348430294
919830724663
918240478572
919007785053
918240552510
919163495214
919163963265
918420481134
919874228942
919831210129
919163060616
919874948670
918240405342
919874664821
918017806384
919123348295
916290683973
919051785853
919830726364
919330331154
919073461898
918334964033
919038483656
917003342125
918697656114
918617544276
918017733504
919875008306
918697353261
919123434911
918777325442
918583893178
919875395173
919748930323
919007754639
917003210681
919123540019
919836021506
918337818370
919051553671
918583930399
919836729170
919875580972
918240170906
919874951828
919830616767
919874814483
918582891846
918348322155
919875393169
917550114642
919051119031
917980230349
917044378162
919051729285
918617341629
919038145573
919875148560
917003730522
919836322455
919123399510
919748798798
919007106240
919330915813
919330683184
919831273420
919748070232
919874784973
919062568337
918910107404
917550197604
919163989500
919874926560
919051489324
919330122913
919051827764
918617294745
918240035100
918017708571
918777462991
918617760162
919875112444
919330702255
916290790253
919874471698
919836320066
918348302607
919051046127
919330091068
919830190562
918617821425
919875550396
918777012497
917003641724
919330878105
916290579033
917044921720
919831574879
918017045152
919903308385
919903422351
919674556491
919836118515
918240513151
919674654226
918348410396
919831070727
919123796354
919007403184
919330609739
919874889729
916291836283
919836643261
917550232301
918337037785
917980830511
917980360266
918910748928
919830736460
919123231890
919830822284
917550315106
916290464599
919330913808
919163039804
918697078444
916291621993
919831017731
919831841013
919007669820
917044648577
919836371350
919874515692
918420330143
919836908616
919330600692
919836956679
918017877311
917003570827
919051110804
919748539111
917044877953
919836875998
918240397312
919836008366
916291606139
919836290471
919123035235
919038265250
918910927087
918697656993
919007653639
919831393082
918777604687
919051012262
919123581064
918697477847
918017410329
918420420830
918582876202
919674341674
918617833386
918617428329
919123072293
919007026215
919073794906
918240057059
919007381579
919007330257
918240169885
919836924948
919830327347
919432575218
919051744587
919163218386
918910789099
919038613803
918240189365
919007416896
918777201969
917890182638
917980949248
918910217501
919748236486
919123515015
919836244888
919830018636
918017025642
919123963077
918910433242
918902633203
919831375315
919007525719
917980476756
916290116924
919830871653
919038664419
919088300646
919330239115
917044126569
917980699675
918582803072
918240664997
918335961908
919038665047
919051061870
918017287233
919123131390
918017011534
919330580624
918584869509
918420698440
919836922794
918777822951
919088281766
919831316707
918777516235
918777545988
919830315670
919875361984
919874368182
919163135757
918240008473
919330868664
919874611441
918334900843
916290478713
918910345303
919330590574
918777361804
919831203073
919874963972
919123591738
919330156179
916291736473
919163279647
918420798973
919330685044
919330675492
917003919249
919062750275
919875375551
919830437407
917980663873
919073160702
916291718926
916291917729
918777687247
919123483913
918584879282
919123650278
919875635492
919748287425
917449160663
919051687567
919123172039
919073177053
916291173686
919874863051
916290452508
919674088373
917003572346
919830388677
917980964582
918617823857
919748780983
919433120990
917003823008
919330862354
919051168449
919007560576
919748604252
919123182713
919875442294
917003464891
919874236305
919875481501
919007559349
918240456303
916290329941
919330850400
919007753188
917980218070
919830172705
919088057266
918583905519
919748131510
919038650047
918617852929
919073282848
919330813279
919831694506
918348179847
916290222304
917003122677
919051653933
919330038904
919007307513
919831848305
919123938166
918777362382
919831295513
919875177684
918617074108
918348920378
918617037702
919007427486
919830775467
919433607953
919051516192
919830700472
917044603069
918777352280
919903227810
916291885367
919123424404
918584026810
919674977015
918910582913
917044547239
917003567548
919874033009
917980473857
919836836104
919831334719
919830834675
919123833611
916290704235
919123703320
916291628587
918777689266
919163185041
919831417983
919123646608
917450910737
919875094761
918910293990
918334985095
919051781219
917044702306
917003219115
918335937180
919748503454
917003631130
919007447119
919330551952
919073546983
919830512666
919062191746
918617879206
918337874272
919674071151
918777217299
919432235782
919007787651
918420143829
919330416893
918335999154
919748102133
919748214502
917550124594
919830217025
919836422771
917003163637
918777720114
919051191151
919330139592
917449441922
918337019791
919831669884
918617595773
919330976762
918583075394
917044464793
917980455329
918240422919
918240777474
918617015648
919051298777
919432083951
919051551457
916290643136
918777496561
916291464891
918697921471
918348735994
919433012465
918334078778
919330746346
919062412140
919875755158
918777323063
919875530391
918617065321
919051241542
918617869788
919830799476
918240700657
918617280328
918337025158
919831187413
917003533965
919748944842
918240226529
917550340228
919875611574
919062260743
919051766232
918617502528
917044069109
918617688118
916290342293
916291449302
918420639386
919874613208
919051553369
919674297136
919875387764
918240763021
918017290788
919073231257
916291391012
919051325569
919073924260
919007895101
919875621202
919836729444
919674654690
919875263591
919830018818
919123884926
919433673894
918017914264
917003511579
916291784553
916291533869
917044649691
919875157447
917044199169
919123463890
919330038941
919836334082
919073270996
919051972102
919062181878
918777244719
919330455277
917044533472
918697463934
919748643492
918617493810
919874312872
919073131446
919836059556
919123769560
918240549016
917044819148
918420084019
917044584573
918910582843
919432298442
919836851448
919123566420
919123483688
916291236783
918335015637
919433803397
918420721960
919875902420
916290246621
916290956639
919903691233
918910665612
918420035281
919433727614
919073279331
919123591513
919875586034
919903224404
919875539566
918420378144
918337001976
919051949733
916291138528
916291710098
919038663987
916291851621
919836224197
919073338044
918583986412
918584087546
916290124194
919007606208
917980374889
917003401346
919330815485
919748643531
917980311263
919830224196
919830443941
918617666915
919432921569
919836978074
916290991078
919875519941
918420542352
917980805823
919875309334
917980687941
917449546274
919836194864
919051275899
919330017137
918902067584
919874263238
916290800912
919330697710
919831175891
919831090021
919163434130
919073231384
919163821307
919875987955
918240116137
918348851190
919748680084
916290112032
918910132336
919038397037
918240432562
919051142673
919831018917
917980480516
917044077198
919831281333
917890414366
919830018771
916290082844
919330622482
919088369644
919830675049
918334814271
919875574386
919674928175
918582891842
918583972022
917890512569
919330923298
918777470533
919007583208
918617550682
919073448929
918697630847
919903140403
919051117015
918240395235
917980515957
919330183995
919830414558
919088520407
918910514389
918617011094
918617074122
919875704159
918617088578
918617351036
919830940558
919831632205
919073540402
919748167768
919330541269
918017588044
919163292881
917890551589
917980709410
919123399461
918777508636
919007089947
918617490600
919674708036
919433115550
919875385880
918348537132
919748466581
919330577137
918420877851
919163941708
918017554794
919903262261
919836910900
918420147710
919874429055
919062390381
918336001744
919123348371
917980710308
919903213645
919830386082
918697725250
917550327202
917890943363
919830303582
918584820741
918910144114
918910526498
919330575029
919051781313
919831344653
918017505555
919836165431
919073879587
919830033682
919330551804
918582075066
918017963017
917003451177
919836057206
919007006411
918348656024
919836692522
919674713484
918017182620
919123649353
919073604843
918240727580
919073767218
919830330972
919830449953
919073094123
919874676852
918583063156
918240863446
919330940678
919330602719
918336992990
917044660985
918348157390
919836287648
918420674061
918420160460
919674713121
919836670981
919477158288
919830602054
918336965853
918777580586
919874876221
918335941535
919836954033
919051022933
919073818465
918617798970
917044981115
916291844266
919432859417
919062399093
917980318520
917044983391
917980063493
919073011761
917044371616
919330211379
918420519930
917003954370
918420035248
919748525590
919875399791
919875395431
919748067320
916291268354
919875456907
919330526804
918348033465
919830306448
919163910342
918348539093
919051146694
919836956693
919330500217
919123243882
919123121299
919874419675
917044523139
919674027137
919330360066
919073442297
916290690559
919330010198
919875922139
917044468752
918240887945
919330168417
919073855836
919007706754
917003090134
919163458533
917980181638
916290669967
919123706526
916291384066
918240265550
919836616023
919073647407
916290261799
919875640865
917003653448
919748588205
917980178358
916291185673
919123183614
918334066884
918910227614
919330360262
919163052904
919830071240
919007004394
917980966926
918017851269
919038074743
919163928279
916291939186
919123979845
919874755007
919073069034
919433420829
919051286046
919330240653
919903462477
919875251594
919163180055
918617039415
919830527347
919123208890
919330913853
919830210228
918017838224
919831114214
917044667440
919874086561
919748491570
919007454694
919330223328
918910305215
918697353596
919903479727
919051685688
918420424677
919830226889
919875449958
919123566347
919163762767
919836997826
916291295657
919836179306
917003303132
919432852248
919123747023
919831871020
919836611958
919903333689
919836887657
919123784064
919163062315
919051972445
919831104377
916290187137
918582089413
916290248404
917550100633
919874539270
916291197076
919123855355
918617650831
919831008949
918910203527
918420760360
919123461041
919831036985
918617642893
918910917994
917890668251
919830807458
919330193911
918017818355
917890801488
917550153388
917980061673
919433370018
919903046117
917449452425
919903717945
919748694463
919038025513
919123049417
917044584352
919330842155
919903896180
919007498841
918617674285
916290702609
916291330211
919875410554
919163111878
918777656258
919051347792
918583077531
919748704719
919163121463
917550940149
918582026605
919330720540
919875909340
918348363954
918334877438
918240530746
919830555425
919433768689
919674461985
919330287209
917890801176
917450801897
918240909928
919051922285
919007812157
919123833997
919903068148
919831378215
919748478214
919007273888
919433115380
918017733333
919836420213
916290917436
918617846453
919123206864
917044067265
917044067493
919163074698
919874791313
919163338620
919073231967
919073049190
919330390587
919073757782
919830555486
919748983527
917003653559
919073552535
919007733882
919038647346
919051758057
916291138807
919874961386
919830114278
918910342181
919051638523
917550388373
916290672997
919875772406
919875111977
918337025041
919163554433
919674289229
918336050083
919051555716
918337808605
919073253347
918777012757
918335882966
919062342238
917890247198
917003222248
918240167298
917980947572
919830787420
919831741225
919875591286
918777856184
919163688966
919831425168
917003773276
919831743634
917980927605
919874782921
919836915001
918017106168
919330577264
918420808611
918777638393
919830988149
919007657490
918697947717
918240919802
919051024826
919123062602
919007425734
917044337044
919163172440
919674399536
919836074632
919038483603
917980508938
919051467907
918420224126
918910494069
919830748203
916291261883
917550381133
919073196502
917003820132
919477268586
918617373336
916290858972
917980217737
916290797405
919433505355
918617289369
919674534998
918777215339
918348889004
918240824620
917550885037
919674039845
919875485960
919330658732
918017554183
918777376866
919038914372
919123872588
919903599012
919123312392
917980457623
919330705346
918334853564
919330927565
919330278701
916290064492
919748588468
916291871638
919051878196
918420326809
916290562752
916290773263
918017851502
916291885593
916291579250
919674703808
917449221192
919836397879
919330935728
919830462804
919330664193
917003364821
919051479512
919163941264
919051587541
919088451074
919875649937
917550226840
918017300346
919432133084
918583984175
919903776780
916291934568
916290319489
919051237760
916291726249
918017951218
919831635686
919432264993
919875482779
916291712296
919874625996
916291330014
919123108693
918910347822
916290586598
919123448121
919875218728
918910034552
919123965661
919432979025
919051479923
919433040669
919674270881
919163336577
919748956334
917003876258
919748662557
919123047212
919062497514
919830521218
919674894493
919073853525
918617649081
918697701253
918017397561
919330215310
918617072159
917044907043
919748353448
919830651150
919330254717
919748525482
919874742889
918240361556
917044535460
918420652345
919123924057
919007439204
919831111339
917980222530
919051359604
919051959473
917890573038
918697259812
919836716508
918420731494
919123530566
919674316934
917044096778
919123182242
919073156314
919875361961
919875417216
919062716289
919831450102
916290560482
919903943136
919433813134
919163111870
917003425536
919836643466
919038833902
919163027796
919123482084
919007427082
919123554502
916290134184
919038843372
919831055936
918348060620
919432164767
918617326276
919123540107
918240179272
917003939288
916290832079
918697259401
919062186834
917550378766
917980242712
919123831905
918617390608
919748273221
919007777991
919330467168
919903908208
917044311847
916290547678
917003175850
918777564182
918584065129
918697578447
919007978071
919163204530
916291920982
918240539931
919830128474
918617312168
918617804942
918910557927
919432203688
919007114811
919163784089
917044755916
919875153642
917003264962
919330323304
917003295563
919123610713
916291560621
918348312022
918777254218
916291092383
918240649379
919051406333
919748922625
918617532782
919831415854
916290919737
919330359423
919163566742
919874566720
919875251533
919903610866
916291067906
919831777522
919674042713
916290342068
919330152382
919123147302
919748564968
919831332777
918334015468
919830015078
918617228077
919123324611
917044430346
919830858700
918910694126
918240529981
919903093394
919831344553
919836738542
918617001139
919051431954
917980805511
916290124154
917044465141
918617316540
919874324807
919433656910
919051457150
919874779027
919748669901
919007047297
919830261244
919038395244
919830883116
918017216852
918017997671
918240204882
917550134023
916290810972
917003210830
918583026806
918777582714
919330516674
917890695904
919123088347
918617064659
919088126312
918910736613
918777207540
919875593842
918697551865
919062740899
919903419794
918617363703
919330109946
919330240482
919330274412
918697103558
919007315610
919007838715
918335845398
918240830530
918337025861
919123047258
918348578472
919007582799
918910653739
916290797336
919674390920
917044332575
919330866897
917044908003
919163774751
916291462946
917003496539
919831057875
919903129691
918902136245
919123040347
916291449252
918697003424
918777854620
918582858846
919051709926
918348440659
919674581725
919163581265
919007038259
918910746436
919163409333
919674078918
919831097564
916291700016
919875780696
919163446974
919433215997
918583884487
917003511270
919163534526
917980502634
917980722821
919831089118
919836741986
919163059566
919830571667
919163338377
918910386442
916290547038
919163279572
917044311203
918910820969
918910565087
919836557060
919903266879
918348373344
919330867030
916291547784
919830677040
918777354980
919123503241
919051044224
919073160824
918348772621
918583055912
918240882636
918777051933
919123471901
918617253410
917550376344
918910239109
919088579592
917044873535
919674373610
919674133167
919088310365
919062654174
917980311040
917003570672
917044013629
918240263209
918777829817
919088394068
919051138693
919163826032
919007835661
919831273177
919038804567
918617338746
919123204635
918617280609
918420145156
918017053396
919163674183
919874889270
919163674402
918617841075
919073160892
919674434470
918348202701
919123843818
919674353594
919007714892
919875164252
919123615845
919903490418
919836363749
919051626268
919051215646
919903715859
918240958279
917890369903
919088346553
919073135688
919007092923
919875456034
919330398622
919062424171
918910247873
919007413531
918348430185
917980633751
919903541569
918617806621
918584089107
919123468257
919051935366
919123468369
919836731824
917044608507
919836885321
919830876656
918777793113
916290046809
918910205460
919830738929
919123111370
919874346063
918017420711
917003350340
919123277128
916291533160
918777214452
919038527175
919875170640
916290690599
918240802788
918017322479
919007787842
919163818188
919051120391
919830531093
919830234415
919836995581
918335941724
919830210156
919330242638
917980864314
919330183713
919123078917
918617760679
919088792032
919831946886
916291271384
919038904588
918337088668
918017103040
919123047327
919123588583
919748383750
918910893880
919748787369
919875228910
919836789293
919830166555
918017615877
917980831216
919836145511
918240021328
919830988036
919123808908
918334902798
918420530575
918617410566
918777097122
919163953656
916291988281
918910915779
919903402249
919123999415
917980680442
919330156763
917890076060
918240444487
919748180108
919674615834
919748322540
919875768724
916290529553
919831596191
918617537263
919051654179
918240368069
919163025334
918348346031
918348735655
918910636828
918348361815
917449191811
918617467315
917980803418
919830823949
918582976337
918420882567
919875395669
919073906817
918420863217
916290596499
918420216049
918420389936
919073312221
919836657271
919038395040
918017590018
919874098480
918348177022
918910991632
918017309319
917980470628
919831838821
919123649650
918777677960
918617711212
919073194043
919831789641
919830252211
918777590192
916291077763
919875133639
916291511246
919874831755
918240818541
919874932936
919073241914
919903088077
919674365483
919073135689
919051136476
919163617901
919674955488
919874189175
919073503589
918420302392
917890068345
918017290653
917980317451
917980362361
916291209970
919748655668
919073169122
918240660548
919073312225
919748743932
918617049166
919674149462
917003114564
916290550678
918697855677
919477087275
918697367903
917003820346
919038243702
919330362639
918777643080
919088621846
919831270429
918617505246
917980374773
919674794097
918777230050
919163434549
917450025389
916290861960
918348190159
918017591704
916290161071
918420179812
919831067416
919123928676
919073446352
918697101120
918617436774
918348777805
919432923996
918617875958
919874060553
918017674547
919903239446
919433612888
919831053038
919748224260
919830511921
916290677194
919433020711
919748405554
918777423691
919903318026
919163542582
917003391233
918420338269
919123760709
918017530760
918240096872
919830966349
919836624200
919330575062
919163277068
916290124176
919062152027
919432014964
919123324529
919062715639
919123446790
917980986638
919062762602
918910984388
918617304936
919748031249
919748677113
919874708296
917003981428
919007112072
918240539707
918337005810
919433646135
918420916729
918240106859
917450890543
919875768349
919748606226
919874816052
916290297517
919903362822
916290271193
919874050570
917980408358
919875491339
918583016951
919123106394
919007883725
919007462111
917890182826
917550838869
919163894686
919674297560
917890140752
919051970037
919875118941
917003861369
918617625068
918240406438
919433787369
918348729298
919007134405
919874926504
919874202039
919874770782
919831258227
917550332147
919874141370
917980308011
919073147666
919432524972
918777061494
917003516056
917890184096
918420196960
919073361148
919123397667
918017216371
917890259593
919830891017
919163558694
918777675749
919836348328
918017179407
919163446184
919875084063
919330936134
918777567160
919836096209
919874373956
919073718183
919038542536
919875162339
918584952052
918017542935
918910073962
917980868715
917003024128
916290035094
919830065391
919073725546
918348011559
919748542393
919330362784
919836857905
918617583870
919330347124
919330249027
919831329068
918617573090
919123566229
919062688348
918910109719
919163965812
917980009370
919874890495
919432824245
918697475320
918910119715
918240802087
919674963564
918584930975
918910215250
919748055996
918240456904
919830687498
919830018742
919051722344
919123106487
919007942347
919163640220
917980100766
919831895014
919330250916
919831089043
919163647458
917980105475
918017194380
919830763367
919163640246
919874320125
919432318576
919230242468
919051404307
917003712828
919831934472
919051923001
919836481798
919874672535
919163649494
919830141625
919830968880
918617520647
919831297940
919831909445
918617522987
919874961501
919062473213
919875670176
918017892239
919163649380
919831329534
919163642934
919038397051
919230245525
919836655547
918617458718
919163642749
918617529624
918617520029
919230805614
919875320195
919830445166
917450936275
919875676877
917550386340
919163666959
919163640700
919123275277
919123530361
919163664765
916290682322
919433114734
919875409374
919007547109
